[0]7.825479821389343e+21
[1]7.687519811809456e+21
[2]7.48774839234363e+21
[3]7.245840674714633e+21
[4]7.024643601004339e+21
[5]6.816846807020015e+21
[6]6.542073269934314e+21
[7]6.217125732402706e+21
[8]5.751912893378833e+21
[9]5.2270953142675e+21
[10]4.659364787846045e+21
[11]4.1171034223389e+21
[12]3.7259557908528654e+21
[13]3.42407350020929e+21
[14]3.0837039296167905e+21
[15]2.741719421909202e+21
[16]2.5899276608550386e+21
[17]2.4462229131405594e+21
[18]2.2160265715370196e+21
[19]1.9500920414094788e+21
[20]1.795600499987342e+21
[21]1.5885803551499698e+21
[22]1.3016886258189793e+21
[23]1.1120296713570297e+21
[24]9.790291213298186e+20
[25]8.801234688537728e+20
[26]8.032450655169766e+20
[27]7.416432276230715e+20
[28]6.913706050632665e+20
[29]6.491739008553323e+20
[30]6.133950307093486e+20
[31]5.8285546036422725e+20
[32]5.559501149162689e+20
[33]5.326296833085242e+20
[34]5.120669725606687e+20
[35]4.8526394755588024e+20
[36]4.555034919105577e+20
[37]4.308948089400127e+20
[38]4.1035675372063195e+20
[39]3.930128222151416e+20
[40]3.779384321057425e+20
[41]3.6503619405495986e+20
[42]3.356850201823166e+20
[43]3.029363144858669e+20
[44]2.8257084796580862e+20
[45]2.6415809930094235e+20
[46]2.499836359808679e+20
[47]2.3843991754903827e+20
[48]2.3217987886932545e+20
[49]2.3002375290421756e+20
[50]2.3087067030732168e+20
[51]2.323956147434786e+20
[52]2.3404137126916125e+20
[53]2.360520296162687e+20
[54]2.383795115042754e+20
*************************************************************


[0]2.8960038413672376e+23
[1]1.2394392876079217e+23
[2]6.831210421992797e+22
[3]4.785793501670323e+22
[4]4.119601463345861e+22
[5]3.79529467395138e+22
[6]3.515944531668352e+22
[7]3.271709204361629e+22
[8]2.9882539128457584e+22
[9]2.697114624047903e+22
[10]2.3963861276830764e+22
[11]2.114088698771341e+22
[12]1.9120416743498206e+22
[13]1.7565196745671702e+22
[14]1.5814192707509684e+22
[15]1.405771513703721e+22
[16]1.3278473604454498e+22
[17]1.2541546687041074e+22
[18]1.136715822573818e+22
[19]1.0029416403039215e+22
[20]9.261795600592545e+21
[21]8.25158153053229e+21
[22]6.881356398775506e+21
[23]6.003349186060097e+21
[24]5.40555524956898e+21
[25]4.974093539173661e+21
[26]4.6476499669733684e+21
[27]4.392983350205759e+21
[28]4.190831065547498e+21
[29]4.025056718706418e+21
[30]3.887797369998076e+21
[31]3.7739163198695827e+21
[32]3.67569799296793e+21
[33]3.592952920866989e+21
[34]3.522270671896397e+21
[35]3.432452111886559e+21
[36]3.337907367247117e+21
[37]3.2645515082633414e+21
[38]3.2071741532166255e+21
[39]3.16164910082678e+21
[40]3.124229086665879e+21
[41]3.0948825326628986e+21
[42]3.0358946959940686e+21
[43]2.993032727593733e+21
[44]2.9836540405002414e+21
[45]2.9964852633587894e+21
[46]3.0318211248322485e+21
[47]3.095629880343749e+21
[48]3.182427471559163e+21
[49]3.272309187711044e+21
[50]3.3609277810220513e+21
[51]3.4193051083177926e+21
[52]3.463198627038175e+21
[53]3.5078921235577784e+21
[54]3.551985636727966e+21
*************************************************************


[0]4.2622617877976224e+24
[1]1.6040807828237681e+24
[2]7.109518850660863e+23
[3]3.9201977234637616e+23
[4]2.970197280661148e+23
[5]2.5613352981848378e+23
[6]2.2662116081313564e+23
[7]2.0509546812264318e+23
[8]1.8431533288954755e+23
[9]1.650320697716889e+23
[10]1.4613789745045113e+23
[11]1.287065338084946e+23
[12]1.163242349552412e+23
[13]1.068392472250378e+23
[14]9.617211433716009e+22
[15]8.547475614695545e+22
[16]8.073178251515014e+22
[17]7.62512412702149e+22
[18]6.91252664216205e+22
[19]6.105223210011658e+22
[20]5.644503244543052e+22
[21]5.0427318682155796e+22
[22]4.234099482296209e+22
[23]3.723042394285725e+22
[24]3.3798652711995085e+22
[25]3.1356688167333358e+22
[26]2.953314290361408e+22
[27]2.8131408525701316e+22
[28]2.7034182074564486e+22
[29]2.6144598652746417e+22
[30]2.541952723359334e+22
[31]2.4828454654756184e+22
[32]2.4325227359348472e+22
[33]2.391018118406274e+22
[34]2.3562110440599787e+22
[35]2.312816145719215e+22
[36]2.2691333873562905e+22
[37]2.2366723721906067e+22
[38]2.212875943691968e+22
[39]2.19541243568087e+22
[40]2.182065325986674e+22
[41]2.1729593539523156e+22
[42]2.1580721931395585e+22
[43]2.1617088247528585e+22
[44]2.1789516400803e+22
[45]2.2125353093324106e+22
[46]2.2604592053551737e+22
[47]2.328293419577402e+22
[48]2.4084096614118315e+22
[49]2.4844382909315756e+22
[50]2.553865330609761e+22
[51]2.5999229341555136e+22
[52]2.632671809343358e+22
[53]2.6654014938630586e+22
[54]2.697473897998825e+22
*************************************************************


[0]5.947413664852063e+22
[1]2.1350859361169577e+22
[2]8.27787290257532e+21
[3]3.611804082885088e+21
[4]2.2594274066953192e+21
[5]1.713331756917615e+21
[6]1.363440974743894e+21
[7]1.1471962607527231e+21
[8]9.84879942946812e+20
[9]8.614236877853389e+20
[10]7.552961950272073e+20
[11]6.622055111359859e+20
[12]5.974077426197143e+20
[13]5.481665173590326e+20
[14]4.93170497731586e+20
[15]4.381387118246691e+20
[16]4.137729339355539e+20
[17]3.907752162361762e+20
[18]3.5432758914200686e+20
[19]3.1340381217213435e+20
[20]2.9023978127321992e+20
[21]2.603874561133667e+20
[22]2.208067029376025e+20
[23]1.9637833405941432e+20
[24]1.8034609928686987e+20
[25]1.6921581194712207e+20
[26]1.6112172407160468e+20
[27]1.5505594190484577e+20
[28]1.504479932892947e+20
[29]1.4682236553939437e+20
[30]1.4394478952461455e+20
[31]1.4168275117951789e+20
[32]1.3981199593182588e+20
[33]1.3835147990965779e+20
[34]1.3718263789656965e+20
[35]1.3580027119504409e+20
[36]1.346096117514791e+20
[37]1.3388158913286193e+20
[38]1.335001417623116e+20
[39]1.3336709120268224e+20
[40]1.3338354369123856e+20
[41]1.335677400305104e+20
[42]1.3446100286028015e+20
[43]1.369018726027281e+20
[44]1.3949439137012997e+20
[45]1.431311066666661e+20
[46]1.4744863309291864e+20
[47]1.528412938800472e+20
[48]1.586856827768852e+20
[49]1.6391918362037112e+20
[50]1.6851282572413406e+20
[51]1.715112917635234e+20
[52]1.736114876940171e+20
[53]1.7568539540910018e+20
[54]1.7771835073418982e+20
*************************************************************


[0]2.0395117034585002e+24
[1]7.302069698605104e+23
[2]2.7769057835195333e+23
[3]1.1560925053602649e+23
[4]6.878724065577882e+22
[5]5.0047214874880375e+22
[6]3.8240094890213335e+22
[7]3.1196255748217e+22
[8]2.6226656014986585e+22
[9]2.269362169370811e+22
[10]1.9808797895520894e+22
[11]1.7334084825402843e+22
[12]1.5628281185080898e+22
[13]1.433717123344466e+22
[14]1.2897007983251692e+22
[15]1.1456245093351884e+22
[16]1.081869959076081e+22
[17]1.0217732110286817e+22
[18]9.266103895535825e+21
[19]8.200372810855197e+21
[20]7.598805690674366e+21
[21]6.826127097006714e+21
[22]5.808110200427292e+21
[23]5.184227916870583e+21
[24]4.778229003934016e+21
[25]4.49926804603172e+21
[26]4.2980460929801325e+21
[27]4.1489371135934805e+21
[28]4.037095741986775e+21
[29]3.949959526301771e+21
[30]3.881754792789777e+21
[31]3.8291192759517404e+21
[32]3.7863221334466007e+21
[33]3.753765980506092e+21
[34]3.728555413974342e+21
[35]3.699729876638514e+21
[36]3.6772733696174525e+21
[37]3.666077239662645e+21
[38]3.66338314412264e+21
[39]3.666496987457431e+21
[40]3.6729730962912754e+21
[41]3.683196953292854e+21
[42]3.7204859767766154e+21
[43]3.8030649306896547e+21
[44]3.884453171470545e+21
[45]3.995356535250127e+21
[46]4.123743679624783e+21
[47]4.280429535021402e+21
[48]4.4477418626513324e+21
[49]4.597394800914901e+21
[50]4.728758728119928e+21
[51]4.814207386344261e+21
[52]4.875499130664573e+21
[53]4.936448223723834e+21
[54]4.993242670242864e+21
*************************************************************


[0]2.361010564505825e+22
[1]8.456378444425358e+21
[2]3.1753921840319006e+21
[3]1.2766676932847888e+21
[4]7.284466657549557e+20
[5]5.1016437481754696e+20
[6]3.7427738280484995e+20
[7]2.953552361203405e+20
[8]2.425868482600608e+20
[9]2.0729184140975984e+20
[10]1.8001111368897682e+20
[11]1.5715888747603273e+20
[12]1.415886966425619e+20
[13]1.2983632747070128e+20
[14]1.167256604441434e+20
[15]1.0365932848838903e+20
[16]9.788146764819227e+19
[17]9.243683492080882e+19
[18]8.382939544884738e+19
[19]7.422227163844595e+19
[20]6.88130354595266e+19
[21]6.190105490490507e+19
[22]5.2836320630059246e+19
[23]4.732733054183203e+19
[24]4.377587684593633e+19
[25]4.136068810982685e+19
[26]3.9638056084575126e+19
[27]3.837557918935639e+19
[28]3.744168237533448e+19
[29]3.6725527965500686e+19
[30]3.6173842366712103e+19
[31]3.5756949684801864e+19
[32]3.542454391604376e+19
[33]3.5182739009717953e+19
[34]3.5003396497499963e+19
[35]3.480814341551782e+19
[36]3.4686651019880514e+19
[37]3.465665333890944e+19
[38]3.4695625296309285e+19
[39]3.4783937897022685e+19
[40]3.4896456016231223e+19
[41]3.50381494723556e+19
[42]3.5504954863009124e+19
[43]3.642483607400283e+19
[44]3.7285794545735115e+19
[45]3.842384720998922e+19
[46]3.971743016294911e+19
[47]4.127630845894279e+19
[48]4.293923115496725e+19
[49]4.4426601272245625e+19
[50]4.5722687011460555e+19
[51]4.6576137124427735e+19
[52]4.71632192716804e+19
[53]4.7739575192125776e+19
[54]4.831664619435829e+19
*************************************************************


[0]2.5846008334141665e+24
[1]9.280895195874026e+23
[2]3.457913224392e+23
[3]1.3547482580990102e+23
[4]7.468007524376355e+22
[5]5.055359469559147e+22
[6]3.5663592318823704e+22
[7]2.7181739375036304e+22
[8]2.175192495130963e+22
[9]1.8316321780357996e+22
[10]1.580764475689629e+22
[11]1.3762865983774616e+22
[12]1.238695363726891e+22
[13]1.1353061082711837e+22
[14]1.0203324518548275e+22
[15]9.05901315593653e+21
[16]8.553599058427234e+21
[17]8.077254757468328e+21
[18]7.325414660059829e+21
[19]6.489034256116571e+21
[20]6.019565745359702e+21
[21]5.422242350972532e+21
[22]4.642986128074896e+21
[23]4.173720699729057e+21
[24]3.8740871081398244e+21
[25]3.6723102268943646e+21
[26]3.5301235273999004e+21
[27]3.427479874510406e+21
[28]3.3529196178891504e+21
[29]3.296462707622627e+21
[30]3.253902436625203e+21
[31]3.2228308277375124e+21
[32]3.198605997278855e+21
[33]3.1818952160283323e+21
[34]3.1704645774646067e+21
[35]3.1591789977659035e+21
[36]3.15537845550233e+21
[37]3.1590049271278773e+21
[38]3.168201659170265e+21
[39]3.1811699217032235e+21
[40]3.1957918552974306e+21
[41]3.212589671866966e+21
[42]3.264317663133775e+21
[43]3.3600275022752236e+21
[44]3.446772703558318e+21
[45]3.5582359354411445e+21
[46]3.682377312126884e+21
[47]3.8321070726024874e+21
[48]3.9895829764702596e+21
[49]4.12982588717343e+21
[50]4.2530388871230306e+21
[51]4.3329953335231004e+21
[52]4.38890102010254e+21
[53]4.4453579303690625e+21
[54]4.5005383226233926e+21
*************************************************************


[0]9.356253282298546e+20
[1]3.3729368014340194e+20
[2]1.2513825350297113e+20
[3]4.809607779443102e+19
[4]2.5782068969548268e+19
[5]1.6935749506617741e+19
[6]1.1524328945761348e+19
[7]8.476284635744908e+18
[8]6.59383408845806e+18
[9]5.46242988569829e+18
[10]4.681060135686203e+18
[11]4.0628979051010504e+18
[12]3.652702899988657e+18
[13]3.346144749426892e+18
[14]3.006138383982084e+18
[15]2.6683082250823357e+18
[16]2.5192261195669253e+18
[17]2.378824925874116e+18
[18]2.1575533461020723e+18
[19]1.9121920367359977e+18
[20]1.7748678237259466e+18
[21]1.6008271002889905e+18
[22]1.3751393358064594e+18
[23]1.2403819305162225e+18
[24]1.1552149315146908e+18
[25]1.09856978972277e+18
[26]1.0591509568827688e+18
[27]1.0311791298988325e+18
[28]1.0111946983659946e+18
[29]9.963677966304228e+17
[30]9.854628495474862e+17
[31]9.77786340745682e+17
[32]9.720708092701956e+17
[33]9.684597412668547e+17
[34]9.66283534721795e+17
[35]9.646334440447717e+17
[36]9.656139327079305e+17
[37]9.685394557923146e+17
[38]9.728759259773422e+17
[39]9.781769419204365e+17
[40]9.838605875857389e+17
[41]9.900384633088938e+17
[42]1.0084844045003525e+18
[43]1.0410717025084264e+18
[44]1.0697609602215031e+18
[45]1.1058078686345437e+18
[46]1.1457687602476735e+18
[47]1.1937090758593554e+18
[48]1.2438574838262812e+18
[49]1.2885215324415547e+18
[50]1.327741078967906e+18
[51]1.3530344978963837e+18
[52]1.3705716934975977e+18
[53]1.3883081754124618e+18
[54]1.4053351980507315e+18
*************************************************************


[0]2.910936154434828e+22
[1]1.0543513466768957e+22
[2]3.9050690566829805e+21
[3]1.4802685428562293e+21
[4]7.760433390323276e+20
[5]4.969415165920664e+20
[6]3.2681720331940436e+20
[7]2.321917887751509e+20
[8]1.752489355687333e+20
[9]1.4255952695789994e+20
[10]1.2119572198421717e+20
[11]1.0482026456322882e+20
[12]9.412010241401677e+19
[13]8.615792858554345e+19
[14]7.736599725755246e+19
[15]6.8662673343802294e+19
[16]6.48206481740412e+19
[17]6.120619605951034e+19
[18]5.551610085086522e+19
[19]4.922555106068357e+19
[20]4.571662057395795e+19
[21]4.1292400485031e+19
[22]3.5578663818790162e+19
[23]3.220062628021639e+19
[24]3.008807944741614e+19
[25]2.8702267176968524e+19
[26]2.7751611491859796e+19
[27]2.7087728609456734e+19
[28]2.662450980615871e+19
[29]2.628949305340001e+19
[30]2.6051348614692024e+19
[31]2.58937388973873e+19
[32]2.57826432673847e+19
[33]2.572209807110301e+19
[34]2.5697687785618014e+19
[35]2.5698456613507305e+19
[36]2.5774762781519466e+19
[37]2.5896622001972142e+19
[38]2.6051348614692024e+19
[39]2.6226256959505797e+19
[40]2.6407123720461586e+19
[41]2.659875407186745e+19
[42]2.7156346498575987e+19
[43]2.810219700937664e+19
[44]2.8920614297527263e+19
[45]2.9936812560198074e+19
[46]3.10491143090303e+19
[47]3.238918132006509e+19
[48]3.3782874076377944e+19
[49]3.5017035045662847e+19
[50]3.609070319305819e+19
[51]3.6781879465531093e+19
[52]3.7268931933397156e+19
[53]3.775021819209352e+19
[54]3.8205940923470954e+19
*************************************************************


[0]3.1760098580247653e+22
[1]1.1699646039491476e+22
[2]4.3467192086220594e+21
[3]1.6133047281899982e+21
[4]8.097673479015946e+20
[5]4.907923585004361e+20
[6]2.9750038170329855e+20
[7]1.9179816612897115e+20
[8]1.3169387359464125e+20
[9]1.00425523670764e+20
[10]8.287853710035393e+19
[11]7.072330039393107e+19
[12]6.320600042241494e+19
[13]5.7737725141973254e+19
[14]5.176669190688425e+19
[15]4.5893770947616285e+19
[16]4.3310903224406655e+19
[17]4.088734652332229e+19
[18]3.709011002644648e+19
[19]3.2934207861195182e+19
[20]3.0638553301857714e+19
[21]2.7781964201880027e+19
[22]2.4159473331576574e+19
[23]2.2081414314654093e+19
[24]2.082624637678511e+19
[25]2.003929741857694e+19
[26]1.952898406315132e+19
[27]1.91975178375777e+19
[28]1.8989204644690338e+19
[29]1.885741686825745e+19
[30]1.8782078729068134e+19
[31]1.8752936468923273e+19
[32]1.8749698440018285e+19
[33]1.87753868026645e+19
[34]1.882190648459945e+19
[35]1.890501589316073e+19
[36]1.9060441280600007e+19
[37]1.9235186907172356e+19
[38]1.9421157700615324e+19
[39]1.961436009194609e+19
[40]1.9804108585778205e+19
[41]1.999418088250082e+19
[42]2.0518417762217878e+19
[43]2.136732100680809e+19
[44]2.207483032254729e+19
[45]2.292600018737099e+19
[46]2.384970189966635e+19
[47]2.4944155669551247e+19
[48]2.6068938976846176e+19
[49]2.7059667887474725e+19
[50]2.791029808081426e+19
[51]2.845439487114856e+19
[52]2.883464739889062e+19
[53]2.921209363491503e+19
[54]2.9571298974774686e+19
*************************************************************


[0]3.5115132125138647e+25
[1]1.3025178015462525e+25
[2]4.853824338463878e+24
[3]1.7973301841433867e+24
[4]8.945043012873511e+23
[5]5.3523247392951303e+23
[6]3.174677483317516e+23
[7]1.9887834498660946e+23
[8]1.3212423409317052e+23
[9]9.828078165966305e+22
[10]8.012347124888865e+22
[11]6.798282909606632e+22
[12]6.063131402566466e+22
[13]5.5342048513037464e+22
[14]4.95876611263096e+22
[15]4.3936361696072626e+22
[16]4.145685603276798e+22
[17]3.9133894973230655e+22
[18]3.5499529557572323e+22
[19]3.1536086982992073e+22
[20]2.9355644287661468e+22
[21]2.6655740300631774e+22
[22]2.324550046116914e+22
[23]2.1313606654276133e+22
[24]2.0162474154393097e+22
[25]1.9453511500238816e+22
[26]1.9004279491934086e+22
[27]1.872228341685197e+22
[28]1.855485131244669e+22
[29]1.8457746577027108e+22
[30]1.8411842520283307e+22
[31]1.8405859299211998e+22
[32]1.842577067425258e+22
[33]1.8471968987770383e+22
[34]1.8534057167084115e+22
[35]1.8644991970881636e+22
[36]1.8824292431838197e+22
[37]1.9015657420528705e+22
[38]1.9220558220823156e+22
[39]1.9429774787136255e+22
[40]1.9637814326353356e+22
[41]1.9843107469013136e+22
[42]2.0392582951660107e+22
[43]2.126466194420101e+22
[44]2.198931829296855e+22
[45]2.2867674763354767e+22
[46]2.3812042836708034e+22
[47]2.492531429833657e+22
[48]2.6065755468764314e+22
[49]2.7061422306384694e+22
[50]2.791506120775501e+22
[51]2.847071608265595e+22
[52]2.8858742681968946e+22
[53]2.9239903289888635e+22
[54]2.9605468288786394e+22
*************************************************************


[0]1.0355337291035122e+24
[1]3.9923257192383564e+23
[2]1.5247963054735057e+23
[3]5.679941653420668e+22
[4]2.7679893452687875e+22
[5]1.591484785380148e+22
[6]8.73852847097168e+21
[7]4.842879341282513e+21
[8]2.7189887295870924e+21
[9]1.72915848250673e+21
[10]1.2878412609445964e+21
[11]1.0441294300188701e+21
[12]9.159241390028857e+20
[13]8.297856873150923e+20
[14]7.391189642826115e+20
[15]6.525040867994576e+20
[16]6.149454822170838e+20
[17]5.800740081720932e+20
[18]5.261299182913421e+20
[19]4.685814669027008e+20
[20]4.3757816958405955e+20
[21]4.0033792429484704e+20
[22]3.5528563173498166e+20
[23]3.315678643944571e+20
[24]3.188268138017108e+20
[25]3.121468343672298e+20
[26]3.0890758421653153e+20
[27]3.0780557127866515e+20
[28]3.0808830995161265e+20
[29]3.091513628361202e+20
[30]3.107631959007975e+20
[31]3.1275015862210206e+20
[32]3.149530713534532e+20
[33]3.1746543822291226e+20
[34]3.200891195305396e+20
[35]3.240118403315913e+20
[36]3.2952635759845e+20
[37]3.350241776995835e+20
[38]3.404062307850219e+20
[39]3.4562799107949796e+20
[40]3.5057925728922495e+20
[41]3.553446283872109e+20
[42]3.6773837793287196e+20
[43]3.864236195238067e+20
[44]4.015768539916605e+20
[45]4.195841906541501e+20
[46]4.38598922982063e+20
[47]4.605256410124593e+20
[48]4.824679430641991e+20
[49]5.0119771043040113e+20
[50]5.169676268857075e+20
[51]5.270215469410705e+20
[52]5.339297209737966e+20
[53]5.4070543082510234e+20
[54]5.471627813832468e+20
*************************************************************


